weights <- c(62,75)
heights <- c(170,168)